function y = F_foot_ground_y(time)
	y = +5.944*cos(-8*2*pi*time+2.790)+5.521*cos(-7*2*pi*time+1.303)+2.948*cos(-6*2*pi*time+-2.930)+21.654*cos(-5*2*pi*time+2.616)+4.360*cos(-4*2*pi*time+0.179)+72.827*cos(-3*2*pi*time+-2.938)+39.210*cos(-2*2*pi*time+-0.982)+148.265*cos(-1*2*pi*time+-1.981)+266.463*cos(0*2*pi*time+0.000)+148.265*cos(1*2*pi*time+1.981)+39.210*cos(2*2*pi*time+0.982)+72.827*cos(3*2*pi*time+2.938)+4.360*cos(4*2*pi*time+-0.179)+21.654*cos(5*2*pi*time+-2.616)+2.948*cos(6*2*pi*time+2.930)+5.521*cos(7*2*pi*time+-1.303)+5.944*cos(8*2*pi*time+-2.790);
end