function y = hip_theta(time)
	y = +0.078*cos(-7*2*pi*time+-2.244)+0.078*cos(-6*2*pi*time+1.448)+0.345*cos(-5*2*pi*time+-2.781)+0.065*cos(-4*2*pi*time+2.952)+1.269*cos(-3*2*pi*time+3.008)+2.401*cos(-2*2*pi*time+2.210)+6.459*cos(-1*2*pi*time+1.855)+7.522*cos(0*2*pi*time+0.000)+6.459*cos(1*2*pi*time+-1.855)+2.401*cos(2*2*pi*time+-2.210)+1.269*cos(3*2*pi*time+-3.008)+0.065*cos(4*2*pi*time+-2.952)+0.345*cos(5*2*pi*time+2.781)+0.078*cos(6*2*pi*time+-1.448)+0.078*cos(7*2*pi*time+2.244);
end