function y = knee_omega(time)
	y = +0.059*cos(-7*2*pi*time+2.643)+0.113*cos(-6*2*pi*time+0.582)+0.148*cos(-5*2*pi*time+0.499)+0.239*cos(-4*2*pi*time+-1.654)+0.702*cos(-3*2*pi*time+0.979)+2.063*cos(-2*2*pi*time+-0.411)+1.324*cos(-1*2*pi*time+-1.013)+0.018*cos(0*2*pi*time+0.000)+1.324*cos(1*2*pi*time+1.013)+2.063*cos(2*2*pi*time+0.411)+0.702*cos(3*2*pi*time+-0.979)+0.239*cos(4*2*pi*time+1.654)+0.148*cos(5*2*pi*time+-0.499)+0.113*cos(6*2*pi*time+-0.582)+0.059*cos(7*2*pi*time+-2.643);
end