function x = rib_x(time)
	x = +0.912*cos(-4*2*pi*time+-0.497)+0.253*cos(-3*2*pi*time+0.120)+6.888*cos(-2*2*pi*time+0.186)+4.917*cos(-1*2*pi*time+-0.999)+0.996*cos(0*2*pi*time+0.000)+4.917*cos(1*2*pi*time+0.999)+6.888*cos(2*2*pi*time+-0.186)+0.253*cos(3*2*pi*time+-0.120)+1411.844*time+453.723;
end