function x = fibula_x(time)
    x = +1.609*cos(-4*2*pi*time+0.598)+5.349*cos(-3*2*pi*time+2.445)+18.981*cos(-2*2*pi*time+1.473)+84.370*cos(-1*2*pi*time+2.230)+25.178*cos(0*2*pi*time+3.142)+84.370*cos(1*2*pi*time+-2.230)+18.981*cos(2*2*pi*time+-1.473)+5.349*cos(3*2*pi*time+-2.445)+1411.844*time+482.898;
end