function x = hip_x(time)
    x = +1.376*cos(-4*2*pi*time+-0.094)+1.874*cos(-3*2*pi*time+0.507)+9.557*cos(-2*2*pi*time+0.464)+13.573*cos(-1*2*pi*time+2.513)+2.971*cos(0*2*pi*time+3.142)+13.573*cos(1*2*pi*time+-2.513)+9.557*cos(2*2*pi*time+-0.464)+1.874*cos(3*2*pi*time+-0.507)+1411.844*time+448.615;
end