function y = hip_y(time)
    y = +0.503*cos(-4*2*pi*time+-1.692)+3.363*cos(-3*2*pi*time+-2.299)+8.671*cos(-2*2*pi*time+2.237)+4.980*cos(-1*2*pi*time+-2.970)+811.211*cos(0*2*pi*time+0.000)+4.980*cos(1*2*pi*time+2.970)+8.671*cos(2*2*pi*time+-2.237)+3.363*cos(3*2*pi*time+2.299);
end