function x = toe_x(time)
    x = +2.295*cos(-7*2*pi*time+1.667)+2.167*cos(-6*2*pi*time+1.704)+2.789*cos(-5*2*pi*time+2.168)+4.804*cos(-4*2*pi*time+2.013)+2.916*cos(-3*2*pi*time+3.134)+37.636*cos(-2*2*pi*time+-2.783)+182.660*cos(-1*2*pi*time+2.608)+9.673*cos(0*2*pi*time+3.142)+182.660*cos(1*2*pi*time+-2.608)+37.636*cos(2*2*pi*time+2.783)+2.916*cos(3*2*pi*time+-3.134)+4.804*cos(4*2*pi*time+-2.013)+2.789*cos(5*2*pi*time+-2.168)+2.167*cos(6*2*pi*time+-1.704)+2.295*cos(7*2*pi*time+-1.667)+1411.844*time+481.101;
end